{
  "advancedEditorSelectedIdentifier" : "ShaderGraphEditorPluginID",
  "openSceneRelativePaths" : [
    "Immersive.usda",
    "UISphere01.usda",
    "GlassSphere.usda"
  ],
  "recentIdentifiers" : {
    "51DA3450-229E-4EA1-B1D1-AAB12D35A9DA" : [

    ],
    "7E3849FD-234C-42CA-A02F-7BEE52D042DA" : [

    ]
  },
  "sceneCameraHistory" : {
    "4C54403D-14FF-42D4-8967-BE802D65E424" : [
      {
        "date" : 793661386.555242,
        "title" : "Untitled",
        "transform" : [
          1,
          0,
          -0,
          0,
          -0,
          0.7071069,
          -0.7071067,
          0,
          0,
          0.7071067,
          0.7071069,
          0,
          0,
          0.22431612,
          0.22431624,
          1
        ]
      }
    ],
    "51DA3450-229E-4EA1-B1D1-AAB12D35A9DA" : [
      {
        "date" : 793735528.019475,
        "title" : "Untitled",
        "transform" : [
          0.99729294,
          -1.3667908e-09,
          -0.07353152,
          0,
          -0.025508018,
          0.93790245,
          -0.34596005,
          0,
          0.06896539,
          0.34689912,
          0.9353635,
          0,
          0.06821117,
          0.26666173,
          0.9089194,
          1
        ]
      },
      {
        "date" : 793735400.409593,
        "title" : "Untitled",
        "transform" : [
          0.99729294,
          -1.3667908e-09,
          -0.07353152,
          0,
          -0.025508018,
          0.93790245,
          -0.34596005,
          0,
          0.06896539,
          0.34689912,
          0.9353635,
          0,
          0.011189496,
          0.043743726,
          0.14910094,
          1
        ]
      },
      {
        "date" : 793735375.744933,
        "title" : "Untitled",
        "transform" : [
          0.99729294,
          -1.3667908e-09,
          -0.07353152,
          0,
          -0.025508018,
          0.93790245,
          -0.34596005,
          0,
          0.06896539,
          0.34689912,
          0.9353635,
          0,
          0.011189496,
          0.043743726,
          0.14910094,
          1
        ]
      },
      {
        "date" : 793735374.242898,
        "title" : "Untitled",
        "transform" : [
          0.99729294,
          -1.3667908e-09,
          -0.07353152,
          0,
          -0.025508018,
          0.93790245,
          -0.34596005,
          0,
          0.06896539,
          0.34689912,
          0.9353635,
          0,
          0.011189438,
          0.04374376,
          0.14910102,
          1
        ]
      },
      {
        "date" : 793735335.326216,
        "title" : "Untitled",
        "transform" : [
          0.9972928,
          -6.962151e-10,
          -0.07353151,
          0,
          -0.02550802,
          0.9379025,
          -0.34596005,
          0,
          0.06896538,
          0.34689915,
          0.9353635,
          0,
          0.07572562,
          0.38090336,
          1.0270513,
          1
        ]
      },
      {
        "date" : 793735315.291731,
        "title" : "Untitled",
        "transform" : [
          0.9976432,
          -6.962151e-10,
          -0.06861539,
          0,
          -0.023802621,
          0.9379025,
          -0.34608158,
          0,
          0.06435455,
          0.34689915,
          0.935692,
          0,
          0.02082357,
          0.11224812,
          0.30276728,
          1
        ]
      },
      {
        "date" : 793735275.139871,
        "title" : "Untitled",
        "transform" : [
          1,
          0,
          -0,
          0,
          -0,
          0.7071069,
          -0.7071067,
          0,
          0,
          0.7071067,
          0.7071069,
          0,
          0,
          0.22880256,
          0.22880268,
          1
        ]
      }
    ],
    "7E3849FD-234C-42CA-A02F-7BEE52D042DA" : [
      {
        "date" : 793661381.082665,
        "title" : "Untitled",
        "transform" : [
          0.9998362,
          7.070859e-09,
          -0.018102238,
          0,
          -0.012381977,
          0.729481,
          -0.68388915,
          0,
          0.013205209,
          0.68400115,
          0.72936136,
          0,
          0.0041891076,
          0.21698633,
          0.23137605,
          1
        ]
      },
      {
        "date" : 793661365.833122,
        "title" : "Untitled",
        "transform" : [
          1,
          0,
          -0,
          0,
          -0,
          0.7071069,
          -0.7071067,
          0,
          0,
          0.7071067,
          0.7071069,
          0,
          0,
          0.22431612,
          0.22431624,
          1
        ]
      }
    ]
  },
  "sceneViewportBackgroundColors" : {

  },
  "selectedSceneRelativePath" : "GlassSphere.usda"
}